14119607
54022832
11488920
83412126
38245956
68892750
1726599
66621525
50420044
52631948
59598451
1453915
3258989
68166667
58804363
20224268
53583472
6710595
4995493
57628852
53789448
77775165
28619438
2153235
1303927
58448882
28624165
36399757
22372768
56449571
52631948
75659112
33404972
72284154
28619438
44803282
56880195
14453485
28624165
70656791
73125530
1024190
57538196
28445641
68478297
52297710
32722366
52574827
84958837
51662145
70845180
21101765
54484578
85512749
57538196
75614459
80931424
36935892
67722771
73886956
3480627
73569706
74570814
73983551
12622141
74296343
68847758
17510214
53497035
57763337
91729494
17509774
55669191
54082178
71100193
2151853
6541023
6286919
59102360
57335326
72544008
32278429
74571502
466737
73529777
54686184
84103107
9062600
8327610
81157278
59102360
2127549
54051410
57521842
14310197
81937450
38319237
11655797
28659189
15785127
72652196
73509246
14310197
45098399
64988886
85855397
84103107
11345052
16447290
50324186
67722771
56104103
87381426
74396976
35958689
73918875
37495650
73467694
77155442
46104797
16341786
81329408
71100193
31587752
89718996
58142441
23801605
20297179
53467695
77448059
23801605
70360099
54639027
58402022
25107085
16284231
17593518
31920778
34527170
27948515
51554889
976105
61278429
58357614
43346095
14448546
46767962
467912
59339183
73566076
51406882
51915247
13309021
701227
13568317
52145781
74259487
71288304
748767
54465976
84736536
1535039
53626357
58852893
78941957
22222951
30008695
62231649
90597884
73588127
52596613
70357713
52731281
35422376
35905855
787867
1011168
75340681
75303322
55900887
95223905
29930697
20141146
77304729
89701209
63051860
32380355
16729965
75705009
2241231
95258937
19577980
57272706
52999852
59518200
58546654
19648378
34171666
74307765
33779302
59162546
1453913
71518801
35875732
7016593
56697042
71005991
66877577
49307741
73149807
51437695
58695847
91273061
88821888
51144810
6816541
54752502
51265505
52484490
71675533
25800931
13158001
93219227
7471183
43389470
1380291
74774901
4621783
2119173
3677753
51530502
83847675
892121
51737688
88862001
56745317
57045660
53720352
1398733
81140693
20422266
74296344
56408663
19584471
64317928
50098102
35390575
14116738
1918591
43896673
19647796
38059858
1534875
70655135
14764119
45300792
14948180
58734967
8275143
19351701
35905857
54145105
40752584
75337008
93309060
52156047
52238368
7699062
13334313
72559534
45437491
71350937
87831027
55511631
67722771
71174837
21042485
67910007
33067171
55427978
20138159
56273328
28129833
35928141
11058658
6175665
